4294967294,52
4294967294,386
4294967294,387
4294967294,417
4294967294,51
4294967294,49
4294967294,48
4294967294,47
4294967294,393
4294967294,437
4294967294,45
4294967294,389
4294967294,429
4294967294,388
4294967294,44
4294967294,114
4294967294,120
4294967294,43
4294967294,42
4294967294,41
4294967294,40
4294967294,39
4294967294,38
4294967294,37
4294967294,36
4294967294,409
4294967294,968
4294967294,395
4294967294,1019
4294967294,29
4294967294,187
4294967294,186
4294967294,399
4294967294,980
4294967294,988
4294967294,28
4294967294,421
4294967294,178
4294967294,1018
4294967294,407
4294967294,385
4294967294,27
4294967294,1014
4294967294,1015
4294967294,384
4294967294,403
4294967294,26
4294967294,456
4294967294,418
4294967294,189
4294967294,454
4294967294,451
4294967294,397
4294967294,25
4294967294,166
4294967294,394
4294967294,165
4294967294,24
4294967294,17
4294967294,16
4294967294,15
4294967294,96
4294967294,95
4294967294,94
4294967294,89
4294967294,93
4294967294,69
4294967294,68
4294967294,46
4294967294,67
4294967294,525
4294967294,524
4294967294,523
4294967294,522
4294967294,521
4294967294,519
4294967294,520
4294967294,518
4294967294,517
4294967294,516
4294967294,515
4294967294,514
4294967294,513
4294967294,512
4294967294,383
4294967294,382
4294967294,381
4294967294,2
4294967294,1
4294967294,4
4294967294,0
0,0
4294967293,131
4294967293,130
4294967293,129
4294967293,128
4294967293,127
4294967293,126
4294967293,125
4294967293,124
4294967293,123
4294967293,122
4294967293,121
4294967293,120
4294967293,119
4294967293,118
4294967293,117
4294967293,116
4294967293,115
4294967293,114
4294967293,113
4294967293,112
4294967293,111
4294967293,110
4294967293,109
4294967293,108
4294967293,107
4294967293,106
4294967293,105
4294967293,104
4294967293,103
4294967293,102
4294967293,101
4294967293,100
4294967293,99
4294967293,98
4294967293,97
4294967293,96
4294967293,95
4294967293,94
4294967293,93
4294967293,92
4294967293,91
4294967293,90
4294967293,89
4294967293,88
4294967293,87
4294967293,86
4294967293,85
4294967293,84
4294967293,83
4294967293,82
4294967293,81
4294967293,80
4294967293,79
4294967293,78
4294967293,77
4294967293,76
4294967293,75
4294967293,74
4294967293,73
4294967293,72
4294967293,71
4294967293,70
4294967293,69
4294967293,68
4294967293,67
4294967293,66
4294967293,65
4294967293,64
4294967293,63
4294967293,62
4294967293,61
4294967293,60
4294967293,59
4294967293,58
4294967293,57
4294967293,56
4294967293,55
4294967293,54
4294967293,53
4294967293,52
4294967293,51
4294967293,50
4294967293,49
4294967293,48
4294967293,47
4294967293,46
4294967293,45
4294967293,44
4294967293,43
